Senthilkumar Seevagan

Iteration 1
Classifier h = I(x < 0.255128)
G error = 0.4326000747944541
C_Plus = 1.24245103323354 , C_Minus = -0.1914960730977649
Normalization Factor Z = 0.8652002299999999
Pi after normalization = 0.00667304, 0.08007611, 0.00667304, 0.00667304, 0.00667304, 0.00667304, 0.00667304, 0.00667304, 0.00667304, 0.00667304, 0.00667304, 0.00667304, 0.00667304, 0.01908744, 0.02799491, 0.01908744, 0.01908744, 0.02799491, 0.02799491, 0.01908744, 0.01908744, 0.02799491, 0.02799491, 0.01908744, 0.02799491, 0.01908744, 0.01908744, 0.02799491, 0.02799491, 0.02799491, 0.01908744, 0.01908744, 0.01908744, 0.01908744, 0.01908744, 0.01908744, 0.01908744, 0.01908744, 0.01908744, 0.02799491, 0.01908744, 0.01908744, 0.02799491, 0.02799491, 0.01908744, 0.02799491, 0.01908744, 0.02799491, 0.02799491, 0.01908744
f(x) = 1.24245103, 1.24245103, 1.24245103, 1.24245103, 1.24245103, 1.24245103, 1.24245103, 1.24245103, 1.24245103, 1.24245103, 1.24245103, 1.24245103, 1.24245103, -0.19149607, -0.19149607, -0.19149607, -0.19149607, -0.19149607, -0.19149607, -0.19149607, -0.19149607, -0.19149607, -0.19149607, -0.19149607, -0.19149607, -0.19149607, -0.19149607, -0.19149607, -0.19149607, -0.19149607, -0.19149607, -0.19149607, -0.19149607, -0.19149607, -0.19149607, -0.19149607, -0.19149607, -0.19149607, -0.19149607, -0.19149607, -0.19149607, -0.19149607, -0.19149607, -0.19149607, -0.19149607, -0.19149607, -0.19149607, -0.19149607, -0.19149607, -0.19149607
Boosted Classifier Error = 0.32
Bound on Error = 0.8652002299999999

Iteration 2
Classifier h = I(x < -0.142223)
G error = 0.47826406288999984
C_Plus = -1.2424441462221614 , C_Minus = 0.08054970334583542
Normalization Factor Z = 0.9565282800000005
Pi after normalization = 0.02416644, 0.02416676, 0.00643641, 0.00643641, 0.00643641, 0.00643641, 0.00643641, 0.00643641, 0.00643641, 0.00643641, 0.00643641, 0.00643641, 0.00643641, 0.02162879, 0.02700219, 0.02162879, 0.02162879, 0.02700219, 0.02700219, 0.02162879, 0.02162879, 0.02700219, 0.02700219, 0.02162879, 0.02700219, 0.02162879, 0.02162879, 0.02700219, 0.02700219, 0.02700219, 0.02162879, 0.02162879, 0.02162879, 0.02162879, 0.02162879, 0.02162879, 0.02162879, 0.02162879, 0.02162879, 0.02700219, 0.02162879, 0.02162879, 0.02700219, 0.02700219, 0.02162879, 0.02700219, 0.02162879, 0.02700219, 0.02700219, 0.02162879
f(x) = 0.00000688, 0.00000688, 1.32300073, 1.32300073, 1.32300073, 1.32300073, 1.32300073, 1.32300073, 1.32300073, 1.32300073, 1.32300073, 1.32300073, 1.32300073, -0.11094637, -0.11094637, -0.11094637, -0.11094637, -0.11094637, -0.11094637, -0.11094637, -0.11094637, -0.11094637, -0.11094637, -0.11094637, -0.11094637, -0.11094637, -0.11094637, -0.11094637, -0.11094637, -0.11094637, -0.11094637, -0.11094637, -0.11094637, -0.11094637, -0.11094637, -0.11094637, -0.11094637, -0.11094637, -0.11094637, -0.11094637, -0.11094637, -0.11094637, -0.11094637, -0.11094637, -0.11094637, -0.11094637, -0.11094637, -0.11094637, -0.11094637, -0.11094637
Boosted Classifier Error = 0.32
Bound on Error = 0.8275884878575047

Iteration 3
Classifier h = I(x < 0.751757)
G error = 0.47965715325134783
C_Plus = 0.269401290627356 , C_Minus = -0.31270244857614266
Normalization Factor Z = 0.9593143700000001
Pi after normalization = 0.01924209, 0.03298048, 0.00512488, 0.00512488, 0.00512488, 0.00512488, 0.00512488, 0.00512488, 0.00512488, 0.00512488, 0.00512488, 0.00512488, 0.00512488, 0.0295169, 0.0215, 0.0295169, 0.0295169, 0.0215, 0.0215, 0.0295169, 0.0295169, 0.0215, 0.0215, 0.0295169, 0.0215, 0.0295169, 0.0295169, 0.0215, 0.0215, 0.0215, 0.01649174, 0.01649174, 0.01649174, 0.01649174, 0.01649174, 0.01649174, 0.01649174, 0.01649174, 0.01649174, 0.0384807, 0.01649174, 0.01649174, 0.0384807, 0.0384807, 0.01649174, 0.0384807, 0.01649174, 0.0384807, 0.0384807, 0.01649174
f(x) = 0.26940817, 0.26940817, 1.59240202, 1.59240202, 1.59240202, 1.59240202, 1.59240202, 1.59240202, 1.59240202, 1.59240202, 1.59240202, 1.59240202, 1.59240202, 0.15845492, 0.15845492, 0.15845492, 0.15845492, 0.15845492, 0.15845492, 0.15845492, 0.15845492, 0.15845492, 0.15845492, 0.15845492, 0.15845492, 0.15845492, 0.15845492, 0.15845492, 0.15845492, 0.15845492, -0.42364882, -0.42364882, -0.42364882, -0.42364882, -0.42364882, -0.42364882, -0.42364882, -0.42364882, -0.42364882, -0.42364882, -0.42364882, -0.42364882, -0.42364882, -0.42364882, -0.42364882, -0.42364882, -0.42364882, -0.42364882, -0.42364882, -0.42364882
Boosted Classifier Error = 0.3
Bound on Error = 0.7939175288482748

Iteration 4
Classifier h = I(x < 1.0827505)
G error = 0.4698295542872491
C_Plus = -0.1908121525548213 , C_Minus = 0.679060644847234
Normalization Factor Z = 0.9396589899999996
Pi after normalization = 0.02478281, 0.02900134, 0.00660058, 0.00660058, 0.00660058, 0.00660058, 0.00660058, 0.00660058, 0.00660058, 0.00660058, 0.00660058, 0.00660058, 0.00660058, 0.02595564, 0.02769089, 0.02595564, 0.02595564, 0.02769089, 0.02769089, 0.02595564, 0.02595564, 0.02769089, 0.02769089, 0.02595564, 0.02769089, 0.02595564, 0.02595564, 0.02769089, 0.02769089, 0.02769089, 0.01450198, 0.01450198, 0.01450198, 0.01450198, 0.01450198, 0.01450198, 0.01450198, 0.01450198, 0.01450198, 0.04956115, 0.01450198, 0.01450198, 0.02076636, 0.02076636, 0.03461055, 0.02076636, 0.03461055, 0.02076636, 0.02076636, 0.03461055
f(x) = 0.07859602, 0.07859602, 1.40158987, 1.40158987, 1.40158987, 1.40158987, 1.40158987, 1.40158987, 1.40158987, 1.40158987, 1.40158987, 1.40158987, 1.40158987, -0.03235723, -0.03235723, -0.03235723, -0.03235723, -0.03235723, -0.03235723, -0.03235723, -0.03235723, -0.03235723, -0.03235723, -0.03235723, -0.03235723, -0.03235723, -0.03235723, -0.03235723, -0.03235723, -0.03235723, -0.61446097, -0.61446097, -0.61446097, -0.61446097, -0.61446097, -0.61446097, -0.61446097, -0.61446097, -0.61446097, -0.61446097, -0.61446097, -0.61446097, 0.25541182, 0.25541182, 0.25541182, 0.25541182, 0.25541182, 0.25541182, 0.25541182, 0.25541182
Boosted Classifier Error = 0.28
Bound on Error = 0.7460117433008655

Iteration 5
Classifier h = I(x < 2.1047195)
G error = 0.482384431556825
C_Plus = 0.03586701898515152 , C_Minus = -6.37725090507315
Normalization Factor Z = 0.9648276399999993
Pi after normalization = 0.0247813, 0.03115625, 0.00660017, 0.00660017, 0.00660017, 0.00660017, 0.00660017, 0.00660017, 0.00660017, 0.00660017, 0.00660017, 0.00660017, 0.00660017, 0.02788424, 0.02768919, 0.02788424, 0.02788424, 0.02768919, 0.02768919, 0.02788424, 0.02788424, 0.02768919, 0.02768919, 0.02788424, 0.02768919, 0.02788424, 0.02788424, 0.02768919, 0.02768919, 0.02768919, 0.01557953, 0.01557953, 0.01557953, 0.01557953, 0.01557953, 0.01557953, 0.01557953, 0.01557953, 0.01557953, 0.04955812, 0.01557953, 0.01557953, 0.02076509, 0.02076509, 0.03718225, 0.02076509, 0.03718225, 0.02076509, 0.02076509, 0.00006097
f(x) = 0.11446304, 0.11446304, 1.43745689, 1.43745689, 1.43745689, 1.43745689, 1.43745689, 1.43745689, 1.43745689, 1.43745689, 1.43745689, 1.43745689, 1.43745689, 0.00350979, 0.00350979, 0.00350979, 0.00350979, 0.00350979, 0.00350979, 0.00350979, 0.00350979, 0.00350979, 0.00350979, 0.00350979, 0.00350979, 0.00350979, 0.00350979, 0.00350979, 0.00350979, 0.00350979, -0.57859395, -0.57859395, -0.57859395, -0.57859395, -0.57859395, -0.57859395, -0.57859395, -0.57859395, -0.57859395, -0.57859395, -0.57859395, -0.57859395, 0.29127884, 0.29127884, 0.29127884, 0.29127884, 0.29127884, 0.29127884, 0.29127884, -6.12183909
Boosted Classifier Error = 0.24
Bound on Error = 0.7197727497012594

Iteration 6
Classifier h = I(x < 1.3535785)
G error = 0.4803455274450488
C_Plus = -0.043359624585938845 , C_Minus = 3.2610786657405813
Normalization Factor Z = 0.9606910599999999
Pi after normalization = 0.02693836, 0.03105494, 0.00717468, 0.00717468, 0.00717468, 0.00717468, 0.00717468, 0.00717468, 0.00717468, 0.00717468, 0.00717468, 0.00717468, 0.00717468, 0.02779357, 0.03009936, 0.02779357, 0.02779357, 0.03009936, 0.03009936, 0.02779357, 0.02779357, 0.03009936, 0.03009936, 0.02779357, 0.03009936, 0.02779357, 0.02779357, 0.03009936, 0.03009936, 0.03009936, 0.01552886, 0.01552886, 0.01552886, 0.01552886, 0.01552886, 0.01552886, 0.01552886, 0.01552886, 0.01552886, 0.05387186, 0.01552886, 0.01552886, 0.02257256, 0.02257256, 0.03706133, 0.02257256, 0.03706133, 0.00082886, 0.00082886, 0.00165501
f(x) = 0.07110342, 0.07110342, 1.39409727, 1.39409727, 1.39409727, 1.39409727, 1.39409727, 1.39409727, 1.39409727, 1.39409727, 1.39409727, 1.39409727, 1.39409727, -0.03984983, -0.03984983, -0.03984983, -0.03984983, -0.03984983, -0.03984983, -0.03984983, -0.03984983, -0.03984983, -0.03984983, -0.03984983, -0.03984983, -0.03984983, -0.03984983, -0.03984983, -0.03984983, -0.03984983, -0.62195357, -0.62195357, -0.62195357, -0.62195357, -0.62195357, -0.62195357, -0.62195357, -0.62195357, -0.62195357, -0.62195357, -0.62195357, -0.62195357, 0.24791922, 0.24791922, 0.24791922, 0.24791922, 0.24791922, 3.55235751, 3.55235751, -2.86076042
Boosted Classifier Error = 0.26
Bound on Error = 0.6914792458696175

Iteration 7
Classifier h = I(x < 0.751757)
G error = 0.4833170127635882
C_Plus = 0.1983047288808789 , C_Minus = -0.3467774273311884
Normalization Factor Z = 0.9666339599999999
Pi after normalization = 0.02285528, 0.0391734, 0.00608721, 0.00608721, 0.00608721, 0.00608721, 0.00608721, 0.00608721, 0.00608721, 0.00608721, 0.00608721, 0.00608721, 0.00608721, 0.03505943, 0.02553715, 0.03505943, 0.03505943, 0.02553715, 0.02553715, 0.03505943, 0.03505943, 0.02553715, 0.02553715, 0.03505943, 0.02553715, 0.03505943, 0.03505943, 0.02553715, 0.02553715, 0.02553715, 0.01135727, 0.01135727, 0.01135727, 0.01135727, 0.01135727, 0.01135727, 0.01135727, 0.01135727, 0.01135727, 0.07883217, 0.01135727, 0.01135727, 0.03303105, 0.03303105, 0.02710538, 0.03303105, 0.02710538, 0.00121289, 0.00121289, 0.00121042
f(x) = 0.26940815, 0.26940815, 1.592402, 1.592402, 1.592402, 1.592402, 1.592402, 1.592402, 1.592402, 1.592402, 1.592402, 1.592402, 1.592402, 0.1584549, 0.1584549, 0.1584549, 0.1584549, 0.1584549, 0.1584549, 0.1584549, 0.1584549, 0.1584549, 0.1584549, 0.1584549, 0.1584549, 0.1584549, 0.1584549, 0.1584549, 0.1584549, 0.1584549, -0.968731, -0.968731, -0.968731, -0.968731, -0.968731, -0.968731, -0.968731, -0.968731, -0.968731, -0.968731, -0.968731, -0.968731, -0.09885821, -0.09885821, -0.09885821, -0.09885821, -0.09885821, 3.20558008, 3.20558008, -3.20753785
Boosted Classifier Error = 0.26
Bound on Error = 0.668407321692762

Iteration 8
Classifier h = I(x < 0.966624)
G error = 0.48592634604731744
C_Plus = -0.13873011017446138 , C_Minus = 0.4182287332946963
Normalization Factor Z = 0.9718526500000005
Pi after normalization = 0.02701692, 0.03508658, 0.00719561, 0.00719561, 0.00719561, 0.00719561, 0.00719561, 0.00719561, 0.00719561, 0.00719561, 0.00719561, 0.00719561, 0.00719561, 0.03140181, 0.03018713, 0.03140181, 0.03140181, 0.03018713, 0.03018713, 0.03140181, 0.03140181, 0.03018713, 0.03018713, 0.03140181, 0.03018713, 0.03140181, 0.03140181, 0.03018713, 0.03018713, 0.03018713, 0.01017241, 0.01017241, 0.01017241, 0.01017241, 0.01017241, 0.01017241, 0.01017241, 0.01017241, 0.01017241, 0.05339107, 0.01775448, 0.01775448, 0.02237111, 0.02237111, 0.04237303, 0.02237111, 0.04237303, 0.00082146, 0.00082146, 0.00189221
f(x) = 0.13067804, 0.13067804, 1.45367189, 1.45367189, 1.45367189, 1.45367189, 1.45367189, 1.45367189, 1.45367189, 1.45367189, 1.45367189, 1.45367189, 1.45367189, 0.01972479, 0.01972479, 0.01972479, 0.01972479, 0.01972479, 0.01972479, 0.01972479, 0.01972479, 0.01972479, 0.01972479, 0.01972479, 0.01972479, 0.01972479, 0.01972479, 0.01972479, 0.01972479, 0.01972479, -1.10746111, -1.10746111, -1.10746111, -1.10746111, -1.10746111, -1.10746111, -1.10746111, -1.10746111, -1.10746111, -0.55050227, -0.55050227, -0.55050227, 0.31937052, 0.31937052, 0.31937052, 0.31937052, 0.31937052, 3.62380881, 3.62380881, -2.78930912
Boosted Classifier Error = 0.24
Bound on Error = 0.6495934268665136

Iteration 9
Classifier h = I(x < 1.251541)
G error = 0.4850975618211601
C_Plus = 0.04470307024548833 , C_Minus = -1.6468329831050115
Normalization Factor Z = 0.9701952300000006
Pi after normalization = 0.02662947, 0.03781779, 0.00709242, 0.00709242, 0.00709242, 0.00709242, 0.00709242, 0.00709242, 0.00709242, 0.00709242, 0.00709242, 0.00709242, 0.00709242, 0.0338462, 0.02975421, 0.0338462, 0.0338462, 0.02975421, 0.02975421, 0.0338462, 0.0338462, 0.02975421, 0.02975421, 0.0338462, 0.02975421, 0.0338462, 0.0338462, 0.02975421, 0.02975421, 0.02975421, 0.01096426, 0.01096426, 0.01096426, 0.01096426, 0.01096426, 0.01096426, 0.01096426, 0.01096426, 0.01096426, 0.05262538, 0.01913653, 0.01913653, 0.02205028, 0.02205028, 0.04567144, 0.02205028, 0.00841434, 0.00439479, 0.00439479, 0.00037575
f(x) = 0.17538111, 0.17538111, 1.49837496, 1.49837496, 1.49837496, 1.49837496, 1.49837496, 1.49837496, 1.49837496, 1.49837496, 1.49837496, 1.49837496, 1.49837496, 0.06442786, 0.06442786, 0.06442786, 0.06442786, 0.06442786, 0.06442786, 0.06442786, 0.06442786, 0.06442786, 0.06442786, 0.06442786, 0.06442786, 0.06442786, 0.06442786, 0.06442786, 0.06442786, 0.06442786, -1.06275804, -1.06275804, -1.06275804, -1.06275804, -1.06275804, -1.06275804, -1.06275804, -1.06275804, -1.06275804, -0.5057992, -0.5057992, -0.5057992, 0.36407359, 0.36407359, 0.36407359, 0.36407359, -1.32746246, 1.97697583, 1.97697583, -4.4361421
Boosted Classifier Error = 0.22
Bound on Error = 0.6302324441852457

Iteration 10
Classifier h = I(x < -0.1893805)
G error = 0.48650314128328004
C_Plus = 6.246181312234627 , C_Minus = -0.027365374288219082
Normalization Factor Z = 0.9730579400000005
Pi after normalization = 0.00005303, 0.03781575, 0.00749101, 0.00749101, 0.00749101, 0.00749101, 0.00749101, 0.00749101, 0.00749101, 0.00749101, 0.00749101, 0.00749101, 0.00749101, 0.03384438, 0.03142638, 0.03384438, 0.03384438, 0.03142638, 0.03142638, 0.03384438, 0.03384438, 0.03142638, 0.03142638, 0.03384438, 0.03142638, 0.03384438, 0.03384438, 0.03142638, 0.03142638, 0.03142638, 0.01096367, 0.01096367, 0.01096367, 0.01096367, 0.01096367, 0.01096367, 0.01096367, 0.01096367, 0.01096367, 0.0555829, 0.0191355, 0.0191355, 0.0232895, 0.0232895, 0.04566899, 0.0232895, 0.00841389, 0.00464178, 0.00464178, 0.00037573
f(x) = 6.42156242, 0.14801574, 1.47100959, 1.47100959, 1.47100959, 1.47100959, 1.47100959, 1.47100959, 1.47100959, 1.47100959, 1.47100959, 1.47100959, 1.47100959, 0.03706249, 0.03706249, 0.03706249, 0.03706249, 0.03706249, 0.03706249, 0.03706249, 0.03706249, 0.03706249, 0.03706249, 0.03706249, 0.03706249, 0.03706249, 0.03706249, 0.03706249, 0.03706249, 0.03706249, -1.09012341, -1.09012341, -1.09012341, -1.09012341, -1.09012341, -1.09012341, -1.09012341, -1.09012341, -1.09012341, -0.53316457, -0.53316457, -0.53316457, 0.33670822, 0.33670822, 0.33670822, 0.33670822, -1.35482783, 1.94961046, 1.94961046, -4.46350747
Boosted Classifier Error = 0.22
Bound on Error = 0.6132526838600605
